"V1"
-1.03274201169415
0.833893203415236
0.548308428461477
0.890555390725463
1.45420839631507
0.232870326293309
-0.0461622656464915
1.11999764744617
0.505553627284264
1.42554218522262
-0.926760227133883
-0.268250541629096
0.517591216565699
0.517201336873198
-0.339633417568299
1.33952768829932
0.532976238200571
-0.0611512027215003
-0.385222179840835
-1.66728894344507
0.965152535308862
-0.550527092238923
0.443408730947366
-0.152846811588746
0.357551361479708
0.171439701971009
-0.442047370739083
0.285928015446133
-0.183298748595532
0.374629500991686
-1.06711783545285
-0.804621035914241
-1.141377199433
0.100599807683173
0.63184926050107
-1.27111839363477
0.0116937080663155
-0.23551726456785
-0.260722011981748
-0.558466715846928
0.0489575140303371
-0.0818348830424888
0.40311760719772
-0.799989479258994
0.0621943884345015
0.151102106007584
-0.624776180142818
-0.372515487672829
-0.0517844069863826
0.312324411061522
-0.233286071180263
-0.336171728206409
-0.35299312529526
0.138807159861304
1.62135935714841
-1.4238024979432
0.163957650811245
0.419338042842481
-0.269585559060906
-0.576375610954884
-0.647027405513528
-0.411480851338684
-1.04790607006754
-1.14011549331329
-0.754549795543686
-0.396522819029151
0.610040626759668
0.395665165252516
1.90865985659462
0.0758882875973961
-0.309828306401737
0.270115563276797
-0.184840584733503
-0.281318504648354
-0.385677925253937
0.429248947466999
-0.369599975417821
0.920307189569137
0.975581738385216
0.579066872676346
-0.265762344541103
0.180741490398602
-0.11812007630004
0.625785008442324
-0.272066633367635
-0.895940666818593
0.0466032655985666
-0.362258515559152
0.772651210039304
0.252178400718899
-0.525228809400811
0.695584303863847
1.11091030609887
-0.941124665581976
0.334269052525922
-0.500000679614069
1.84310937892016
0.310408508585301
-0.288042269468969
0.317523208793479
0.134215920122243
-0.428168671365553
0.441801156043409
-0.741591046419908
0.27214477062873
0.47476119680223
0.873469538167419
-0.463370811310503
-0.106296149904108
-0.550939616786026
-0.67086764588028
0.930334470546368
-0.0184895273009031
-0.665585075259885
-0.0627995359453824
0.415470407464171
-0.0839255968025061
0.701145357790959
0.953593312892095
0.211611075069266
-0.230082965435195
-0.960167803369078
-0.242038735784034
1.16948130261688
0.416825736749432
0.439044044278817
2.64266754583906
1.63764561501413
0.203975033999481
-1.09736767262241
0.726667912622284
-0.889003973274731
0.274034686362127
0.138681517034723
0.0168760389733457
0.278430343008029
0.295996861417568
-0.561253267439678
1.13810244721398
1.17739929928614
-0.445739815107571
-0.334438217971586
-0.20652762912974
0.430601090149962
-0.428077788600656
-0.52833387189901
-0.933695280432886
1.63873625138813
0.415237913247614
-1.77253546196184
0.517980514696104
-0.605225175369198
0.681184115802716
1.1681257154277
-0.131217932454317
0.432076289036784
-1.29487518507926
0.461228261287293
-0.636016677796573
-0.274149403959068
1.89070797010268
-2.69233760840284
-0.675065480278201
0.16307964608103
-0.0799086955209238
0.851910551025714
-1.71421787616465
0.325597796657706
0.00868010969506812
-0.778317641092464
-2.66908009186808
-0.336339453622197
-1.38369127793426
-0.0411244165318245
0.0447602879239275
0.883146132881193
-0.0242171619457567
-1.04492697052628
-0.0317011673574976
0.359377262486201
-0.0219855266525163
-1.44992341308435
-0.440480057416849
-0.859250166796708
-0.0293203596610383
-0.736649280087845
0.0635709759912399
-1.4662799718073
-0.170351503954515
0.96908433954071
-0.945299644897963
0.244933126771347
1.17032639223531
-1.33332450047609
0.310889192113114
0.529468972940498
-0.173853588287514
0.43645458192328
-0.199298898467007
0.785023206381872
0.544992659105905
-0.50294113552098
-0.00897315830072861
0.186992964532209
-0.887552600970123
1.27933161939108
0.0157574004452723
-0.268094184794688
-0.163619236800307
1.19466933215455
0.868617567962863
-0.565659227812576
-0.813321552670058
0.452782793557641
0.303392765338563
-0.173028033685122
-0.282397740469708
0.421556356306746
1.0073212744049
-0.966954307049116
-0.376843440202013
0.242342817321138
0.811275921019212
0.246350603598433
-1.0177384094512
-0.802191746620038
1.12505143973632
0.0355735647388474
1.1705803508116
-0.903908942348653
-0.610954679211965
-0.248498484385988
1.35766171374457
-0.177183809288114
-0.501106405814276
-0.78571534975894
-0.781537161054493
-1.41070855836321
0.235780884061326
-1.07508802920214
0.664629218213445
0.439718353337285
-0.124314341575072
-1.36564120444812
0.0506975501868374
1.3823329693287
0.675521268205834
0.202342807921994
0.89250525068203
-0.957834199279996
0.162892485632194
-2.2933437682287
-0.522384957496824
0.340498164287309
0.0636391732180905
-0.296544792983434
1.79571540102978
-0.541868145608782
-1.26279322179395
-0.21585382957525
-0.669560700589481
0.502439201516059
-1.08312603405674
1.19715195657512
1.25293575964767
-0.163199666020296
-0.235420452383882
0.141146587864775
-0.0579119279246375
1.17896161665168
-0.423390881485064
-1.36740198945738
-0.332809788670389
0.819892999042634
0.479765390111992
0.387480563822057
0.0649516411418028
0.574740091590417
-0.085899729807619
1.09192695926639
-0.0931231831889183
-1.21787960232161
0.91857640960234
0.18590170874853
-0.43190817605893
-0.355717363489598
-0.0293623661559506
-0.3636557747455
-0.115713950088874
0.682982419399828
1.03189002687698
0.0775214392285255
-0.511336972507938
1.04485485056795
0.736292900586801
0.0820398673129565
-1.33960310491693
1.00782135044177
-0.441338950531792
0.780246913039493
