"V1"
0.243421629609391
0.916665531474442
0.661812815348941
-0.101701302951921
1.16383159779443
1.96553711663368
-0.418589464887255
0.472902046381715
1.24636794774603
-0.0217599784565809
-2.14279383446262
-0.707432380678009
0.0362389974990033
-1.43437093909361
1.29389184976855
-0.478194882605426
-1.61190772303585
-2.38270628739016
0.754846772276436
-0.704554771513122
-2.2035247143845
-0.326567532702842
0.160739608981077
0.444465463124028
0.247437681657067
-0.0927938672704502
0.666814634163122
0.506054202675184
-1.85057498940514
-0.0978298729961646
-0.335368279871281
0.336803134739838
1.49236335572485
-0.472066740260734
0.962081225077464
0.972630232470094
0.219868153326329
-2.22045852875451
1.53635352101938
1.16556898971755
-1.02789742366821
0.74221373410196
-0.364756905051582
0.0545279456401249
-0.425020418069821
0.755370813561169
-2.05952500824551
-0.245629760866474
1.25484226875603
-1.06107906787022
1.08656321079623
1.8735184235971
-0.820870806932395
0.323830512536135
-2.02626126321661
-0.63071078110468
-1.66603572249782
-0.870029795009431
0.896307893588824
1.18774025913303
-0.654019923866072
0.281513768809463
-0.269756394340845
-1.36787066341207
1.55058300835636
-0.700660145829876
0.245698189418579
0.657368664099052
-0.277794057413559
-1.83896344715745
-0.72658419385026
-0.431809192711841
0.299098742668857
1.34816977337101
0.531110183420081
-1.80574782743004
-1.53362734308566
-0.0310170480054538
-0.133431731869779
0.522167919783533
-0.320433233786601
-1.75854529292979
1.35290096211462
0.0812758033336901
0.31510869292703
-0.910121101898623
1.08249256635775
0.469913849980859
-0.263261657844565
1.26818131321216
0.300852079906169
1.36289102579976
0.495708830983543
-0.43804732971608
1.0411471032418
0.66669448143145
0.782579098281891
0.69791492543338
-0.472089959146004
-1.41603125371031
0.79380844347513
0.685946296844404
0.519616598159052
-1.18547563135091
-2.29463544859089
-0.420192853489015
1.43927907490651
0.988079415014193
-2.14095780459475
0.828866318267326
0.759739056960538
0.144704151092633
0.176622420830165
0.140949759584757
0.851663653951134
-0.285185612322078
0.623521748176361
0.823082265229453
0.173163650446264
-1.93797527980103
-0.119729365353195
1.10976845389975
1.00286395495386
0.784088418375289
0.497029341722196
-0.971950992567011
-0.257236060492924
-1.40744705618634
1.11016515837004
-0.288827673278536
-0.0535460900779104
0.277753876860453
-1.38140049450287
1.12637163484905
-0.281789340199353
-0.270372344995568
-0.0242755351770274
0.182051964950648
-0.611026799199637
-1.00111020295743
0.558102349175964
-1.361552438057
2.20948972815493
0.489248418612621
-0.558226690650828
0.0981752857872148
0.548345110780643
-0.143901371989027
-0.181396582598893
-0.760272138925714
0.366622277249853
0.549231204353753
-0.182988562618194
0.440240625173762
2.44892318270483
-1.60875517329138
0.940190324434762
-0.295421319120256
-0.33156086812715
-1.34403869759499
0.193299454198079
-0.738548923482884
-0.383904618204746
-0.654980972537795
-2.13768645304155
0.276005405056459
8.37851275313129e-05
-0.143939583435741
-0.442311694389808
-0.931456566969616
0.713805840623143
0.372572238546332
-0.455698744992938
0.846809667285031
2.04440674444295
-1.31122597801653
1.34444637929285
-0.862169867788606
0.222300585807546
1.94485582126346
1.39007487156133
-1.0556905816512
0.584463233572777
-1.86981717055893
-0.92328357507677
0.496530784813601
-0.278938312889482
-1.70843385145204
0.626088438796035
0.931009580340585
0.353386022128007
-1.07543330843074
-1.04904182371014
-0.0507332440072776
2.31974552094854
0.635676690951489
-0.609137911664663
0.721467801613968
-0.788803466983666
1.02709024710503
-1.07494589073223
0.291558003122201
-0.548491691948168
-0.294048686512791
0.201625028191349
-0.822829545417077
-0.595875073519094
-1.63105033644433
-0.446938305218945
-1.1505453456544
-0.136497170749527
0.205551121752036
-1.31572749724027
0.804895694472766
1.52250791751258
0.514995224048409
-0.624915112904164
-0.748378642403667
-0.178460805255788
-0.179972348539407
-0.249940224991988
-1.2912516437491
-0.117775886058706
0.246640414547368
-0.617815686986605
-0.269635994770661
1.73908432556078
-0.452992553054192
-1.12988398416423
-0.0320483345738268
-1.39865966653223
-0.424589783924036
0.614140324818721
0.260045183387363
0.940941448759567
0.804715945635898
-0.386992359976148
1.30521893774316
0.181187302397453
0.769045597982239
0.287716248605413
-1.93322044896474
-0.375151338280717
0.591738481327697
0.89431062681387
-0.144500191928112
0.248214135565791
0.0990047027853431
-0.542999336536174
-0.713918856932269
0.165929510499987
-1.13650011658943
0.588230621450242
-0.478061126363073
1.05520895301981
-0.124727916359379
-0.106299310892901
-1.27681081166105
-2.50374796396852
0.899827908596817
-2.51280785384618
-0.872739667178555
-0.526367066438735
1.76949711586042
0.922112261941727
-1.16136439814213
0.0535162749687585
0.188721497061409
0.941042501989897
0.452838076057827
2.01813176147104
1.07030515067026
1.98681168698793
0.514316897402705
0.406071372138921
-1.95040966982781
-0.2336770728637
-0.137485767201046
1.88398929479703
-0.912915505640151
-1.06890990508854
-1.96705310478772
-0.22752360352487
0.247741265859006
-1.86809447589107
1.03869459662926
-0.716435052357808
-1.64795702939476
1.03695646354437
-0.159049457251036
-0.874413892124024
-0.632730955395795
0.757402451578314
-1.89275723797642
-0.515010568057479
-0.110672708440129
0.583744590817713
-0.334820867520731
-1.78437817441744
0.66297896029191
