"V1"
0.396180727630444
-1.40790276575605
-0.983543798437676
1.16574550057032
0.500113139117985
0.981550026128483
0.8134946513116
-0.369829099317566
-0.610407809494073
-0.0307646071168147
0.0105125470814912
0.458599250099743
-0.930246851959376
-0.309508490700361
0.503719144196083
0.0315521176355797
0.670453278897443
-0.0247853515768033
-0.0611647997884042
-0.586974232590249
-0.136386167839716
0.755778361256632
0.105766208943312
-1.27250129308666
0.796775156091908
-0.257861023307596
-0.713468501729918
0.3834986164977
-0.165805804459322
0.541637426148022
0.691450847647817
-0.219530043691306
-0.160839583015883
0.438481738178082
-0.254383428531101
-0.309879998786811
-0.267077591505048
-0.284402238233486
0.528063260578712
-0.123908590670984
0.161470924529278
0.749834469449364
0.125499608254358
0.992293565323611
-0.659926981083521
-0.734200968649293
-1.18513636401288
0.103544612126875
-0.171544836192993
0.72215401023891
0.223496103522602
-0.0548849796040633
-0.15434451487767
0.416587975829344
-0.444291936771443
0.461010658758952
-0.491097852439098
-0.64562667067535
-0.686304337709314
-0.721612617978868
-1.50840459274971
-0.528577931135397
1.09802358276636
-0.273322432098899
-0.916748341272398
-0.709713521626121
-0.016939218701365
-0.0597211043217457
0.122068358425914
-0.368188284847738
-0.840340777071788
0.190058364801044
0.249955570747148
0.47064106370391
0.233498766383261
0.799271136102565
0.850071476345669
0.745018919556894
-0.0587806811137539
0.105854767539035
0.260456625958271
1.45486880366738
-0.151678674253128
-0.223007254106401
-0.332350771501372
-1.22763943592801
0.622152697669439
-0.0622313708139709
1.59615981563194
0.0154182215077542
-0.0295135184711651
0.901965960169788
0.551957530227686
-0.587418579898847
-0.477600592879552
1.00689609491598
0.209485273275196
0.631764721931269
0.423750638407774
-0.128565834563148
1.06276996733943
-0.398640771587881
0.0142621200375989
0.890619190806582
-0.812061652101748
-1.16889007033439
-0.215149943186117
1.53014117081618
1.83530214629379
0.603259174568222
0.21564146677109
0.726052377001353
0.119740653534015
-0.731166813544215
-0.845568975419222
-0.19792059662944
0.107493594691659
-0.727921144996571
-1.18410589092048
-0.243216792429842
-0.172380738144531
-1.17638666709002
2.08139299261336
-0.354811292823572
1.08984881347936
0.838222096919148
-0.274794156670407
-0.305994983157852
0.247178826469027
-0.374286988641786
0.499828292743706
-0.444924435362736
-1.12519747625572
-1.7111569274242
-0.259648694624367
-0.619291362428974
0.545602193011802
-0.818138329432229
-0.433135925623208
0.189295733319589
1.10486262546621
0.229852428658082
-0.486840557530233
-1.62246820623756
-0.162686052022285
-0.218539634550537
0.145430780826502
0.134308137476611
-0.197245445653169
0.276291237725596
-0.0410628905582903
1.22615530139246
0.399738939539346
-1.62654678443397
-0.094385020519425
-0.360624999346502
-2.03965768652372
0.804083732906492
0.72951528404614
-0.378268149082616
-1.23390291908944
0.542508903500244
1.33957902500715
0.0157468837694676
0.0448160577886212
0.296039306284899
-0.0527474181204485
0.268534246471242
0.848691104997788
-0.0287808306863421
1.03675753771102
-1.02203169808527
1.12945940110462
0.671494992637114
0.175936748001116
0.547826292420511
1.13486493959526
-1.28591430206661
0.676235080133677
-0.24419522717909
1.4381084042889
-0.979080843007182
-0.989203362515849
-0.843244119994679
-2.11813539174555
-0.359316121060859
-0.897208274992741
0.119420764911447
1.26904585764859
0.440351296859659
1.41743754937248
-0.756990185907552
0.471266044698891
-0.673557337165805
0.847127580106856
-0.252995083040096
1.23052655126517
-0.378214392911725
0.473364856988676
-0.0837395147680739
1.1227239389835
1.21493729272883
1.22198880511498
0.432602346458185
0.624761365643265
0.786462343194322
-0.285198267648849
0.140476638943013
-0.325213550309164
-0.906440011158473
0.050790661007707
-1.801694522478
-1.286094845925
-2.19623506510823
0.157767732269066
-0.894405126728997
1.31666722334638
0.325264704073448
0.850789219993248
1.03516308525826
-0.505275125890645
-0.674026250670655
0.334769572956674
-0.729516121040433
-0.494028882631303
-0.19368879968912
0.232052119827834
0.146158781145852
-1.44364474262694
-0.321056546879355
0.573244099341856
1.44053444495865
1.45728851885171
-0.880296754007782
-0.453704225322774
0.473941500520461
-0.906698632012095
-1.33583489239306
1.00872805402252
0.0274042563511532
0.776031505759023
0.194815907682977
-0.538889672627439
0.746127692955043
0.527313219499318
0.0182396148936584
-0.390222398651548
-0.654904797965244
0.929820423982742
0.70122864677535
0.17596840611117
-0.0490435201229909
-0.228802500255412
1.19143835057828
0.431349524765935
0.487984869351702
0.153195347567337
-0.349735402588167
0.635867404714828
-1.92653917473778
-1.42009406547743
-1.00444884223822
-0.660515319710266
-0.978229258558657
0.522467744477012
-1.16630297379895
0.664173260389687
-0.247560744916972
-1.77690686686214
-0.0519477694072923
-0.773410284483475
0.15703228399244
1.64921164234199
0.122345204249524
0.0278454919624069
-0.850140742900488
0.458100410763181
-0.00936450119688552
-0.403751158621645
0.686850038923035
-0.215893241742623
-0.414427070811446
-0.175321311091486
-1.70036528313562
-0.664889124809184
0.161974438613775
-0.78219015264453
0.912102837067247
0.644216817401302
-0.391360913180497
-1.6091026911026
0.131915484378911
-0.481016959539053
0.350152569274464
-1.6571203246055
-1.18280685430918
-0.582192820965965
-0.298287318373302
0.830315251010166
0.685049511076013
