"V1"
0.230957038074203
-0.497354397989536
0.923610185419378
0.529336984384887
-0.49413017277111
-0.698449341738875
-1.3257152334331
0.022111227268941
0.240092841456191
0.289710326946042
0.52130648085966
0.296434063131671
-0.0531968634319139
1.18539008758983
1.13299141560928
-0.319508394803514
0.208616055148841
0.328246656009388
-1.44676325403705
-0.310348708317523
0.398847256272148
0.0652243803839108
-0.496291607169863
0.744385110504481
0.629921257101703
-0.924264683159975
0.111028689243531
-0.414234337574181
0.228250373786198
0.668444157183605
-1.16289903207626
0.585907753752083
0.105519716608224
0.131038245081046
-0.88023262288768
0.440970184244133
-0.734778620618837
-0.18578450628329
-0.380838462222415
0.649214171813291
0.434287527448851
1.59593700173561
1.20419219175049
1.11678317921893
-0.685160491910245
-1.08628347644915
-1.32300435963137
-0.462437077445373
0.580676597139989
0.303587818063515
0.365594001251384
-0.332316551414555
0.319069801796543
1.89177551547135
0.100669326354075
0.32152757721898
-0.607194883042614
0.55950924499492
0.90706434448762
0.384224469861381
-1.52603227330184
-0.933586186069474
-1.09545545824057
-1.25237551421486
-0.357391133333124
-0.416097085695433
-1.24484678599361
1.8787132334953
0.856412953534207
-0.4514233595162
0.866632637861699
0.865744624627233
0.67688803595296
0.860887130583352
-1.05528841323537
-2.21397286928288
1.20282632453353
-0.578538108340134
0.998143686247349
0.96285442973748
-1.2422027070459
0.0307868128634614
0.48481935825171
0.355872898055169
-0.929900189584612
0.865870456603599
-0.604123435661452
-0.481859889835617
0.525022486531561
-1.14817703548032
0.119882657544284
1.44040265483299
-0.100621644929011
0.121545038073678
0.0696450577780273
-0.223934540622622
-0.832269125149707
1.08034338547975
-1.56571524889741
0.588990962112133
-1.40115609257766
-0.37337956437197
0.00538973277403205
0.0685713850331278
0.289458582601564
1.25482385848331
-0.572116216741402
2.36735274191372
-0.139600537346975
-0.861710953107865
-0.226943974497775
-0.718908416792832
-0.707488155346116
-0.12568842117339
-0.971471540717972
-0.479581573103688
0.340309200008609
-0.794805179367157
0.395684268933157
0.217158447044484
2.04314255475316
0.00616499951262381
-0.169126074315442
0.373898113756186
-0.666396462812726
1.55506300136235
-0.154624291254317
-0.262418216911304
-1.54480123938862
1.05727549317412
-0.330470715165965
-0.838037645645686
0.879343157836984
-0.0904100850285964
0.449218595538511
1.09805753477776
-0.0695464433208877
0.748212415650625
-1.08835033119456
0.036920127577056
1.03236128441118
0.732066049552273
1.00646141375006
-0.584859702430228
0.0666696827708333
-0.250853832350051
0.798751105110609
0.430913713763181
0.104352598439178
-0.192332747834556
0.774426255017147
1.32167118563545
1.87422197505567
-0.167391801564285
0.386991004351608
-0.0348327924184295
-1.04072636323951
0.157879848930846
-0.427885115127363
-0.230048026712833
-0.353508008252968
0.663549251728718
0.439219431482838
-0.284384467563756
-1.8579422569767
0.39800121803074
0.164621048763995
-0.104479639349378
-0.498020699494337
-0.201886881918146
-0.505998364405163
-0.0196359315622116
0.940002822934614
-0.222420054881688
0.133576203531326
-0.261975326648306
-1.03057853628265
0.59757225757902
-0.138954787856395
1.38650021030029
0.86164857588557
0.179923347554916
1.12423840760815
-0.0155640806231234
-0.0659372075269655
-0.80519849937518
-0.7128623227346
0.865269826825987
0.279171374853584
1.59882337770274
-1.15031935448651
1.46828000221241
0.0811988080072042
-0.13790300549176
-1.49027314926424
1.71041157182873
-0.618688532355891
-0.236912268117626
-0.196052472744131
0.0116253906948463
-0.00209767587680723
0.0763382026719403
1.46537034375316
-0.662459190928701
-0.675963081085454
-0.0731027973923313
-0.0724150078696735
1.74201010534297
-0.82632475429318
-0.455529473611347
-0.479791035510898
0.98471486307616
-0.277486982103485
0.730880456972125
1.50219754490321
-0.417992501331084
-0.820903682062569
0.478806614476213
0.113691032485134
0.635836353274467
0.771687434921022
0.953055040764577
-1.50382394815119
-0.352160180320365
0.17271872549654
-0.444721950999832
-0.112408296289699
2.57926454688731
1.02880315702754
0.397324884520443
-0.902101188023269
-0.875291907365305
0.690845837703205
0.859522801685944
0.684040894760064
0.238348197126301
-1.36653879305273
-1.00588974575348
0.999713795839699
0.0443701616107523
0.599852368557215
1.67814413126908
0.449606886186863
-0.18749232086793
-0.636635389456015
0.402965948067951
-0.80007245274886
1.54934431872983
-0.824349580374057
-1.05630726241989
0.286559567229977
-0.402989944502869
0.397375007493936
0.817384981428789
-0.838142698821609
0.551832711902768
-0.913825554825709
0.732857345001233
-1.77408568929702
0.896837782631359
0.0625484931757943
-0.207328292598764
-1.02474727436595
1.41553902611078
-0.029356802912719
-0.0554056275385891
0.218989531092952
-0.17172789527485
-0.304933689270905
0.311711398045681
0.60074850575602
0.619246917371746
-0.914355133223666
1.01766278657561
-0.637817580748232
0.405100927771846
0.102191468379772
-0.362726217956096
0.385171383056948
0.684356993301182
-0.413330984184049
-0.280011159450325
0.221682586027123
1.3693237774119
0.779933562905348
0.330606356464816
-0.296691159039672
-0.263251823521342
0.842120607900296
-0.0338870479051258
0.70343977901936
0.725523560488149
-0.240397780012314
-1.65628828486698
-1.3114500178579
1.01398935252317
-0.993823443854688
-0.93317682301455
1.14671470997826
-1.57276035605691
