"V1"
-2.25129881529051
-0.0644512196429953
0.153631512564848
0.894603797555704
1.49087775018279
-1.64595340699278
-0.491098499439366
0.753162439637516
1.73390700208103
0.224450731422525
0.510372910438201
0.769981265093733
-1.27929019464163
1.35527164766215
0.77356225851868
-0.629084077897083
-0.812840681706089
0.529509652391847
-0.0595072405676713
0.397837960731342
-1.08968279013805
-0.374275829166586
1.15440095960126
1.2869974927644
-0.0854062111545506
-0.591022687942677
-0.970121322059338
-1.20036788977865
-0.775547379095755
0.630319330682775
-0.309120255751822
0.632731629929478
-1.00988875827913
-0.621500107708445
1.48950094622329
-0.756664112793487
1.32054187878995
-1.18143381986408
0.476143494277878
0.713204410792835
0.406963249268729
0.310550437874913
-0.704569129454481
-0.691705110976432
0.166347437200808
-1.28206664424403
0.406010523924149
-0.0963975680697469
0.082011236315209
0.413729582529607
1.35927916697942
-1.01802506838317
-1.06375088638499
0.216467191258576
-0.569989056408454
0.527601792426573
0.929529393116825
1.01613619693523
1.3738681904832
0.0176286062793106
-0.113217167363425
-0.415271631518248
1.23455486601975
-0.675433192906453
0.318393707960723
-0.241379145690007
1.0649095747051
-0.176538112267167
-0.120350274811855
0.0274479535363076
1.45695741266486
-1.55460362413007
0.757629436434512
0.902498812003447
-1.84988965062033
-1.04931320023471
0.758299763846186
0.45545344826039
1.01028152619312
-0.31419289362242
0.426021846596646
-0.935907435490004
0.862585838271374
-0.896162664244188
-0.208400131190413
-1.3068598393124
-1.87661536517907
-0.906633936836815
0.0221478770384874
0.283336484587211
-1.72714324577075
-0.284902842213926
-0.471854224303106
0.224399578971307
-0.879078634226796
0.515075063378146
0.921188236674406
0.360424475854383
-0.340029682112955
0.679466177991777
-0.280980509111841
1.09828661830555
0.266030663862633
1.55735472708195
0.569643831206461
0.0330217600593015
0.365570168501815
-0.0838306297209954
0.896942955375697
0.413491842034277
0.637524708229326
0.75033183061612
0.6660071695016
0.0635503916967941
0.00785532502100782
-0.116295786494336
0.191980872603526
-1.06189761060997
-1.06987319667947
-1.67817036707141
0.505893197174346
1.22691090765737
0.0174848559687094
-0.42082276456941
1.4874901599971
1.101342940972
-0.367050956136122
-0.840950150809628
0.773181453585112
1.29451582698889
-0.985922500059197
1.03849089978751
-0.155015686276989
0.229440773395967
1.26052260144403
0.649068381401223
0.29083656395518
1.79648469710824
-0.533945795438428
-0.600812706287251
0.106671197755792
-1.18653744145683
-1.70764922843716
0.212207939445839
0.267794500653024
-0.967576916340432
1.02423069120593
-0.541673768943217
0.583703560024785
1.1531356169362
1.33854246792146
0.872199489791021
0.719178042486009
0.858030813621966
-1.30192769283672
0.626760766181697
-0.262068050653474
0.643834030920629
1.60295310999775
0.35239303634798
0.586491848871135
1.63957149426103
1.15844207703681
-0.647207435480496
0.0723476695334095
-0.787520478087572
1.21687114021949
0.606694416768655
-0.0356133047764712
0.729460634825306
1.00061793686026
-0.0437718803883626
-0.799423658767246
0.695388643260088
0.539568356682161
-0.869495647204733
0.666907412632599
-0.663064296432224
-1.61848093547978
-0.735873523835545
-0.814798955883796
-1.65616965912062
-1.0737284345298
0.326786692363993
0.148236728559739
1.17077377475386
0.246201607760495
-0.203130953404843
0.0108940949874565
1.1584500920592
1.35139689981748
1.38323349331512
1.2037817924665
-0.714646523170701
1.02178692865281
-0.317924593102277
-0.968864721817189
-0.0924631852036905
1.66262778268075
0.0465144930387359
0.412564077218056
-1.0723875675322
-2.00988090843446
-0.277708174840181
-1.52153464081841
0.0734618521817785
0.651026278382351
0.69196503092794
1.55379580514826
0.0373489297051065
0.387903228724341
-0.943077898356242
-0.058033844686411
-0.212795382071228
0.0226151321673675
-0.487364378672372
-1.69139320603982
-0.23386041901724
-1.40080505313663
-0.213449698156083
0.478344989682192
0.417599300886879
0.299253848367658
-1.87850403527329
-1.12197461118732
-0.486447768606963
0.420333736001839
-0.383280233719389
-1.14158766736377
-0.082771373405657
1.81828067218498
-1.76443478218398
1.31838845308611
-1.23854142840523
0.369726543831966
0.80951548455892
-1.10787762798942
0.653069916540192
-0.944978057113646
-0.0784987826381363
0.310284942356523
-1.52518756370777
2.17224365975036
0.676024607948584
0.993863986849615
0.301358342094747
-1.10856706599344
0.852510916282414
-0.456199456164615
0.196821764675221
0.110796124103222
-0.335161452843733
-0.239798834618842
0.469778043886894
0.522633490820873
0.485121227931377
-0.147942464629257
0.426086455930337
-0.594319479474851
2.22959091446313
0.972428706514717
1.57128516855003
1.96293281306291
-1.23756222571434
0.724414886709873
2.19114631462064
0.171974378084997
-0.697175541670773
-0.0857591164877008
0.230472456353653
-0.274145251876013
-1.81654953587878
0.144233336478507
-0.563736604389153
0.125872465249062
-0.39762984166449
-0.00618944007429716
-1.45191902062969
-0.571676589771254
-0.501887355645793
0.927220285532261
0.594526955797329
0.191867060203323
0.997533395357668
-0.118770925068296
-0.168300878171659
0.597684996926623
0.887604385975046
0.712349254922086
-0.409379582953518
0.524834484536432
-0.495179083968593
1.40984337095983
-0.784615068586385
1.76448388390334
0.809661492212413
-1.61850618181427
0.777867666629049
-1.04791119036576
-1.13501454474222
