"V1"
-1.17996705197356
-1.06342751069387
0.567731777039648
1.28767196174188
0.504134509631879
-0.457324741391694
0.406388972814029
1.11129518677339
0.361949454170942
0.46215326964427
-0.640079773962856
2.03947632104143
0.140980772887133
0.431254021967844
0.203673907918398
-1.14521069863331
-0.938053372451283
0.228554029913369
0.0835713510065103
0.0655964916887467
1.2350649181332
0.0272319987131537
-1.19115682982201
0.79450575885101
0.874696368582844
1.52902825941285
0.859413808940212
0.0667592796336024
0.615220765241598
0.183398622097613
-0.566966995311292
0.129748568024981
0.880117065039544
-0.296875330082775
-0.169548277549716
-0.508068501991234
-0.336445791909596
0.580291938214088
-0.541473089118767
-0.22052396171583
-0.0995459055788953
-0.1482451476118
-0.551826355980389
-0.0848314702579331
-0.946396288498724
-0.0546971393478109
-0.522907075113028
0.27640715377807
1.20236786361488
-0.659801795151961
-0.638620653196658
-1.34102470297482
-0.926002145963409
0.491161966484506
-0.443036061202504
-0.0574469365688757
-0.651377582179797
0.499178448438668
0.851009998886882
-0.389192206758242
-0.486560296776518
-0.190072299656179
-0.611276248736836
0.561542839212586
-1.10399941694409
-0.515398995296535
-0.956786665470206
-0.290870935020539
-1.41562115743709
0.221826992627501
-0.596855406009918
0.403600418561516
-0.242477315929246
0.436055096914625
-0.322177876604612
-1.10576354580364
0.576008102279964
-0.136064888932139
0.336232119263765
-1.58842796159009
-1.45722060499808
-1.0175986563024
0.785522698804627
1.11766808728655
0.298524245282469
0.055640979835867
-0.650103612725079
-0.257932825935885
0.960183652584696
0.503047924033707
0.64148813672563
0.578364444600545
-0.0190078914713404
0.150777598562106
0.0825838395611288
-0.0226376149305228
0.359261254250034
1.03360997721778
0.680305632619536
-0.110092530397214
-0.792507981779608
0.635693511039275
-0.51917178470206
-1.08752394474836
0.434464732735301
-1.41849778428576
0.219018920275089
-0.0471058412834301
-0.135416761822364
1.23973761671744
-1.83484459531981
0.71821599674458
0.575411366476976
-0.154535276708855
-0.359666562242199
-0.629626348170311
0.179312024523432
1.38966407420973
-0.681026091367547
-0.926580363195942
-0.143550780793391
-1.00557131268706
-0.714333135905621
0.810020862982283
-0.203364947956931
1.30275880390209
-0.0839083714043237
-0.10951848546819
-0.503490785685836
-0.246926274846243
-0.227952571988572
-0.348184445069227
1.77706814273053
-0.578891526641051
-0.237809474432984
-0.466812931038635
1.36302181674319
-0.153422650975788
0.68198168030822
-0.979394250245022
0.703758521487713
-1.51502415004236
-0.486335264518131
-1.92068113922027
-1.49430270667834
-1.69725371301814
0.0308513445085245
-0.669640652398995
-0.562137379409249
0.44327733946195
-0.774371643987777
-0.112894934389391
1.67893242392496
0.519410231774213
0.195939722444038
0.687723148302374
0.0284247572017148
0.731378927442409
0.00540298514514583
0.18837962468185
0.40137870136795
-0.130569237845113
-0.596830651641387
-0.732651479124623
0.515040087843614
-0.100913266095506
0.0191081954489394
-0.188223338217151
0.968935651625395
0.369917329008152
0.639481654767482
-1.02659922293429
-1.04135410223602
-0.374943315932054
0.727043894980222
0.122803008689805
-0.531272233778375
0.330420395541724
-0.311762658036961
0.688681742448563
0.561322042064731
0.685660573042983
-0.267434114890948
-1.55657670017522
0.114261640775134
-0.392397112314389
0.910865010379613
-1.08063153591926
0.884767664482656
1.0656097276935
-1.91320529689079
-0.602121357906381
-0.509999512652887
0.768831490730666
-0.383973702242711
-0.363110846062876
-0.121264991758246
0.899705120105038
-0.120176138371746
1.13473773879374
-0.246604726037549
0.266653090986551
1.49796707123759
-0.198854571427033
-0.600375887345175
0.174754196726472
0.531216045119138
0.347573708227014
0.464934792626803
1.49041648509693
-0.203007511181211
-0.884367112395058
-1.06179677234589
0.470357732128714
-0.585300812414819
0.608696271810703
-0.716128566907774
0.53715348960657
0.891274290209733
-0.361013818105806
-0.144139737830686
0.377251140380225
0.525970640475623
-0.874845397065993
1.46359872718648
-1.87243160470659
-0.0533940283513896
-0.426854025338395
-0.932744238321212
0.151827708869596
-0.856841394718325
-0.941234216264308
-1.15788155164917
-1.69020246383716
0.299870335850716
-0.673687480519314
0.747038848867972
0.821088116242888
0.350677780924506
0.0383569868898533
-1.16563348828416
0.199275970173037
-0.421117341722847
1.67548849269145
-0.254686321328638
0.669406581603875
0.403660298541155
-1.08969245101964
-0.856914664480173
-0.249328778153907
1.04078618277345
1.07584758091233
1.59381244366585
-0.0382499129980798
-0.537921137579364
-0.572176039617167
-0.290513902513017
0.724387286474724
0.445944550608155
0.653989521320403
-0.346347933321954
-0.0980035034973387
1.18955883452028
-0.537980692187372
-1.58034340233826
0.758528125485694
0.16501401503953
-1.73581189512635
0.463564154369197
-1.7121259368985
-0.112405110693949
-1.21425480129229
0.0944429997878989
0.226399589787802
0.40833085811159
-0.603494132360769
0.158963793202768
0.13223822967082
0.320738826106646
-0.64544276715635
0.103139171915174
0.628268151292695
0.254614448191539
-1.64696779513917
-0.0906970837568444
0.137895911781397
-0.890855950089619
-0.150948936577479
1.08300971956077
1.04172149662261
-0.460302505222261
0.928140111558878
-1.2561726992493
0.00126381882599046
-2.1843875281515
1.28286292648879
-0.135614590886409
0.790195387655188
-0.21214179643435
1.38259503428985
