"V1"
1.16418529440934
-0.729816999390544
-0.9469732933826
-2.46331176384806
-0.478194275393497
-0.465999184001207
0.211522389118746
0.322359832467144
1.5932678642567
-0.25123208372868
-0.764113899747914
0.852872335108212
0.102811344048877
1.07799814963453
-0.157792827739699
1.04851885912304
-0.71954061177839
-0.156113660239513
2.60827527954716
0.0275962974219436
-3.08407737661371
-0.189760125183668
0.0738318081430061
0.460838394342989
0.370265103815003
-1.03447720521152
-0.0880808030874606
0.326163594355029
1.06077551774009
0.867270231863201
0.236121821116467
-1.30773096499654
-1.22128634428503
1.77654285227278
-1.09601181465011
-0.437647024452705
2.90680532282804
-1.34011518394499
2.73706488163129
-0.53498524933687
-1.06190894377965
-0.80521970012537
0.639483419362507
0.675842618274419
0.480033776886223
0.191090688186001
1.44548600033349
-0.28324298085921
1.14023774661372
1.84469846379577
0.0772438559491727
0.0955957906269831
-0.0219755535623845
-1.03747755314772
0.0632008222668168
1.02654624352169
0.470088544058932
0.887886735119118
0.6695174918492
-0.400978132671395
-1.57356050515374
-0.900804804995305
1.21145081372572
0.347564628581438
1.25903083546084
-0.990379794890417
-1.05747522300918
-0.16888596662848
0.145164171359986
-1.79685691724367
0.49440462147292
0.23410083814169
-0.177327254425133
0.257956727899499
0.861063822971918
1.15295749460015
1.54786194346619
-0.18616352087993
-2.14227901141124
-1.90958588253706
0.647041208193103
-1.98004180964485
-0.699879284245599
1.05545647771796
-1.51444766030288
2.83120968697159
0.491717884154806
-0.0909581358648994
-0.883942917999813
-0.542259157501642
0.461888350942601
-0.209948089523327
-1.56299143768612
1.58086264450826
-0.196762570235551
1.73504162208956
-1.27419854910348
-1.30490230705309
1.15165137561045
-0.519929127028434
-0.824683253454139
0.379493031879137
0.0167630628661144
0.918548133089047
-0.321632525557514
-0.463048102668139
-0.483403758267687
-0.748502444909426
-1.61584972798739
0.0529528076574813
0.366489057294836
-0.930359221386097
1.0022709252221
-0.13105928282129
-0.506703980022377
0.0797973095840905
0.591190589336908
-0.928920448189631
0.509155428482349
0.0747061434045643
-0.822534348709697
0.715450137515044
-1.9294937696872
-0.183092733993236
-0.093425658274201
1.08809022910518
-0.3630660003427
-1.2164519808995
0.872498397159357
0.467105638571057
0.669576364263435
-0.471816903537076
-2.32369151679026
0.19889874405776
-0.172637968771242
0.613356134890852
-0.723267582348441
-0.802872192027923
0.679175099869762
-0.0755330445991118
1.24806422478204
1.07303772705608
-0.130172668065958
0.232141948099907
1.10376550017576
-0.150328325074911
-0.978943399764734
-0.442778184167967
0.457622134690466
-1.39958373992384
0.391543911549398
-0.307538170991734
-0.574096863819587
0.338670152773589
-0.0396741730457405
-2.07789182044131
-0.328866162557657
-2.4482915075698
1.11243800119779
-0.924016943274181
0.763010826917131
0.193089965028864
1.71142456022789
0.808834255741912
1.30944412283019
1.53877619994863
-1.44840510833092
-0.982112581508106
0.281033674934388
-0.879572689376887
-0.256714861590325
0.213597255066327
-0.0292851194096119
0.502088515973042
-1.27607606191438
-1.80317916136013
-1.57503443135512
0.854130712462204
0.137704943837906
-1.07485073219683
1.68410669485485
0.13155179889584
1.96737589584146
-1.75351709248298
1.38592993827238
1.1904445828943
0.415213633015136
-0.338356190821534
-0.633526669391558
0.241095761276743
0.391760961914777
-0.976558223529857
0.821240560831787
1.06000335818656
1.00543876696485
-0.347373749137382
0.000396401944989899
-0.689290626293281
-1.41836016145887
0.230146404809517
0.239845166508672
-0.594479666702309
0.0588659523855354
0.0583789122424374
-0.100752538423787
-0.218349127657664
0.647251135841433
-0.62554341561845
0.386299314901636
0.189544295541316
-0.864852006393486
-0.296745885079908
-0.976081718071411
-0.388449882914723
-1.30382837272746
1.05690923888129
-0.312001320515316
-1.77406530795795
-1.311330023442
-0.379529896507569
-1.99732623660026
1.05717089741074
-1.49355010460635
0.278307123052064
-1.03910689398647
-1.05507680101779
-0.120272177765677
-0.450095648159623
-0.819520295604743
-1.17602474355592
-0.813338638620411
0.285591565341182
-0.0744706644358795
0.589045686421023
-0.547115405018666
-0.542483754940914
-0.843065864856049
-0.0728864879048878
-0.780576383939298
1.41735757413567
-0.606886825737829
-1.49441533140729
0.610108319810614
0.70117904297406
0.722106916355656
-1.72144960309519
-0.10342741945229
-1.02143260232131
0.349406554402307
-0.768056127145137
0.267371163621745
0.819554532426794
0.11058791439528
-2.14181814333808
-0.626910138927363
0.104415653864892
-0.0515136484575388
-0.302973244799164
0.240555082522651
-0.633333444150478
-1.32765825484715
-0.330590612179109
-0.382608614220798
-0.590270487406089
-1.01319486717301
1.06534202102144
0.517936758041446
-0.863687155904138
1.6595996349191
-0.961445684540975
-1.0805826871708
-0.109837986041451
0.141636951693171
0.986361883707278
0.441614412843833
-2.6082589059839
-0.83424667556448
-0.255954843204363
-0.0178586146307121
0.0252539236735006
0.298338784318277
-2.09159971324995
0.267805094573571
-2.51575901197481
-0.178781684320662
0.857772372475089
-0.314247594052433
-0.580575421937691
0.518925946990315
-2.26350990782518
1.05524029996077
1.10435596626775
1.07529141865382
-1.20876986668386
1.44394847839044
-0.420395662507179
-2.11378805944638
0.304620045891628
-1.28423695738003
-0.0655189409653685
