"V1"
1.44542010237958
0.55111316094255
1.47579822568691
0.172675581923465
-1.05238831363012
-0.68466667885469
-2.11264654395132
-1.41185285765785
1.07728202385996
0.630693161770464
-1.23576201205202
0.681782755655428
0.498889921863738
-0.037198141739649
0.183048371263537
-0.754119539135847
-0.481835623297034
1.54865232358
1.16576110154924
0.711320638672985
-0.123629003151066
0.0611980146503132
-1.13205941861526
-0.277737813204915
0.280685308304243
0.341772595547055
0.322972803541918
-0.139038170254446
-1.38625106586178
0.00836739723986502
-0.28346584962592
0.434494560413686
-0.789594272283461
0.797569630620405
0.177950620356825
1.30673740492237
-0.189941838539343
-1.1721490774
1.08400883090046
0.515954861156625
0.188975818477775
0.944302996202808
-1.44249931399868
-0.765704488994632
-0.658878540342713
-1.46631317476739
-0.245048286881635
-0.594327033997544
-0.660554755569717
1.9528067503323
1.18043559468591
1.48850948993556
2.72708783960658
-0.666192713676357
-0.982211907641531
-0.555367416129522
-0.0179160377622592
-0.0866164275103257
0.18528527379627
0.0134618421753364
-0.849838062960118
0.934300611194842
1.86167811402015
0.0430096836859655
-1.73327504285715
0.344467103636405
-0.357086649374222
1.19696665541344
-1.00918481247882
0.98022599733672
-1.61551983371918
0.325678811394402
1.07100418710547
1.20667813425672
0.141252478376182
-0.154373734812276
0.260115910668269
-0.869133922334375
-0.443029724015012
1.47881111182107
1.63968391895085
-0.36989590233064
-0.386996951061722
0.632478084176886
1.95577097978425
0.0167586736187261
0.50681214287674
-0.0141570286076463
1.5966145056781
-0.563783641655943
-0.281974296272863
1.65760942962589
0.872494554866299
-0.531273938362529
1.94043436888345
0.282745843672541
0.371482458323869
0.0399981440138313
-0.224547049988737
1.04694289824741
-0.931795181238402
0.18414797614362
-0.325503431867932
1.65888445854508
-0.249771306899836
-0.442530730607381
-0.758979666192314
0.361692556046697
3.15139941250061
0.881201963350724
1.0891662069281
-0.311676214270163
-0.508262527064422
1.70570332571036
0.532559754941841
-0.795399327394666
0.570715392424315
-1.28562860965152
0.607614941303213
-0.26931625529472
-0.359869860055709
-0.591191530065284
-0.146230064125431
-0.267756097164148
1.15180889657538
-0.621880981375817
-0.812005554107263
1.44379726210421
-1.15749309316212
-0.476336660860141
0.599272361629691
0.162207585636191
0.324778786806353
-0.596914804705911
-1.04299270544716
-0.849305072368529
-0.957074037701941
-1.30899068017918
0.0228320047987169
0.365582979647336
-0.105847332266283
-0.575480378530117
0.194357623737378
0.907175944154007
0.373320322012822
1.43281394404565
0.662261208444001
0.370113514322108
0.820150873002752
-0.339699612991251
1.4553068069024
0.707678115165676
-0.587229509791622
-0.128822090466915
0.744262092790025
0.345366453900888
0.613783293740205
-0.471909051670841
1.51193958273169
-0.296519872862602
0.612899558610093
-0.0702312343304426
0.374631904591744
0.556760195111881
0.556321142351703
-1.2445584537804
1.95508698412627
0.495202998691299
0.683054773663895
1.19363473487754
-0.282671924093639
-0.359683126226373
-0.120688416127139
-0.0819489738411952
-0.597804666333733
-0.660291780026776
-0.534107873856195
1.61675035562105
-0.955807472940506
-0.218240078320097
-0.690542068233695
1.63110478017767
-0.0341584527042956
1.28326637860724
-0.174426609538263
0.286354918475678
0.450888114878048
-0.175456231194515
0.0403737033781851
1.37120942349997
-0.676181927292737
0.316872806513916
0.302741622925058
0.358927034813223
0.035538831426196
0.812945335511038
-0.655156381048064
-1.70172783551469
0.00954180754502025
-1.0615827684054
1.59546944740514
1.9362634409847
-0.783004246022846
-1.49831221358052
0.522997595158068
0.597747891319044
0.708478196610581
-0.278428667411053
0.274549314173835
0.0038270951419607
-0.389695918908413
1.44133004388504
0.198400615448017
-0.685858787024732
0.706285831528445
0.989808386634978
0.471599752351053
1.42384340506717
-1.94265558212483
-0.133506748817278
-0.739828385775664
-0.477234083809558
-1.88323920407267
-0.235846991946405
-1.07442164694917
-0.402000123118519
-0.777646379225406
-0.470232922164891
0.165383901634883
0.743132107496098
-0.0578910721324495
1.50034374747323
0.392799810347459
1.30441280234811
-0.233306075856063
-0.354659468401353
0.147471333264783
-0.440699099755649
1.03433389926256
1.57060022200571
-0.0735106492346451
0.472271413043238
-0.356462501514063
1.09279177898946
0.829976932808991
-1.22493850178932
0.608290538434469
-0.47715236298683
0.340085907833239
0.538192693080345
-0.115943815230853
0.934663875925034
0.675553328797011
0.264643107983313
-1.59589851343116
1.08126557588223
-0.784788254106846
1.79951736864561
-1.28699673892495
-0.455611549960222
0.147761675018058
0.580511742171128
-1.08907309384097
-0.456842296600119
0.0660050715310877
-0.197311751866121
0.699039652008672
0.0842929025226554
-0.0377758001888096
1.09777906881937
0.337600303718558
0.0473827686305172
-0.128756405357591
-1.11094099268381
-1.32528656629001
1.97048332042209
0.100448904876902
-1.06344384808359
-1.00463970816198
-1.10299750491457
0.334320150440759
0.554522851609834
-0.357159623319483
-0.0449687760359339
0.2264172929925
0.332376166371363
2.09883382290059
-0.638872621745076
0.0675612565062809
-0.589083836635414
0.348127767614515
0.60191642823044
-0.413196084015446
-0.46585713161785
0.524731611913065
0.382672362207383
-0.377216038179703
0.289327788415108
0.16954652160872
0.400248883820978
